> a<-c(data$days)
> Mean<-mean(a)
> Minimum<-min(data$days)
> Maximum<-max(data$days)
> MinMax<-(a-Minimum)/(Maximim-Minimum)
Error: object 'Maximim' not found
> Minmax<-(a-Minimum)/(Maximum-Minimum)
> a
   [1] 4 2 3 4 1 2 2 4 2 4 3 2 1 3 4 1 1 2 3 2 4 4 1 4 4 3 1 1 1 4 3 4 3 2 1 4 4 2 2 4 3
  [42] 2 1 3 2 4 2 2 3 2 3 3 2 4 4 3 2 2 3 3 1 2 1 3 4 2 3 2 2 4 1 1 4 2 2 1 2 3 2 2 1 1
  [83] 1 1 1 4 3 3 3 1 4 3 2 2 3 1 3 3 3 1 1 1 3 4 4 2 2 2 3 4 4 4 4 3 1 2 1 3 3 2 2 2 1
 [124] 2 1 2 4 3 3 2 1 2 2 1 3 2 1 4 4 4 1 4 2 4 2 1 2 2 3 4 3 4 3 3 3 1 2 1 3 1 2 2 1 2
 [165] 4 3 3 3 2 1 2 2 4 1 4 3 4 2 4 4 4 2 1 3 1 3 4 1 1 3 4 2 1 1 3 3 2 2 1 4 4 2 1 4 4
 [206] 1 2 3 1 4 4 2 2 2 1 3 3 3 1 2 3 2 4 2 3 3 4 2 3 2 2 4 3 4 4 2 1 1 1 1 2 2 1 2 3 4
 [247] 4 2 3 2 4 3 4 1 3 3 4 4 4 4 1 1 2 3 3 1 3 1 4 4 4 2 2 2 3 2 1 3 1 4 4 1 4 4 2 3 2
 [288] 2 4 3 4 2 4 2 4 1 4 3 4 4 2 3 3 3 1 3 1 3 2 4 1 3 3 4 3 1 3 4 4 2 1 3 1 4 3 3 1 4
 [329] 4 2 4 1 2 2 4 4 1 1 2 4 3 2 2 1 2 1 4 2 3 2 4 1 2 1 3 4 4 4 3 3 2 1 3 3 3 4 2 1 3
 [370] 2 4 1 1 4 2 3 2 3 3 4 4 1 3 1 2 1 1 3 1 1 4 4 1 2 3 3 4 4 1 3 4 1 1 4 1 3 3 1 1 3
 [411] 3 4 4 2 2 4 2 1 2 2 4 2 3 4 2 4 2 4 1 4 3 2 4 2 1 2 2 4 2 3 4 4 4 1 1 4 1 3 1 4 4
 [452] 4 3 1 4 3 2 3 1 4 3 3 2 1 3 1 2 4 2 4 3 4 1 1 3 1 3 3 2 4 2 3 2 1 3 2 4 1 3 4 2 3
 [493] 2 2 2 4 3 1 4 2 4 2 2 3 4 1 2 1 1 2 3 2 2 3 3 3 3 2 2 3 3 4 2 1 2 1 3 3 4 4 1 3 1
 [534] 2 3 2 3 3 3 2 1 3 1 4 3 3 4 4 2 1 2 2 2 1 4 1 2 1 1 1 4 1 1 2 1 1 4 1 3 3 1 4 2 4
 [575] 1 2 4 3 2 1 1 1 1 1 2 3 1 4 2 2 2 1 2 2 3 2 3 4 1 4 2 3 3 3 2 3 2 3 3 4 2 1 1 2 2
 [616] 2 3 2 2 4 3 1 4 4 3 4 2 2 1 3 3 4 2 3 2 3 2 1 4 4 4 4 4 3 3 3 1 3 3 3 1 1 4 1 3 2
 [657] 1 2 4 3 3 1 2 4 3 2 2 3 2 4 2 4 4 1 3 2 3 2 4 3 4 3 1 1 4 4 4 4 2 1 4 3 3 1 3 3 4
 [698] 4 2 2 3 1 2 3 1 3 3 1 4 3 1 1 3 4 1 1 2 2 2 1 1 4 2 1 4 4 1 1 2 2 1 4 4 3 4 2 3 3
 [739] 4 4 4 1 1 2 2 4 4 1 2 4 2 1 1 3 3 4 2 4 1 3 1 1 3 4 2 1 2 3 1 3 4 4 2 2 3 2 4 3 1
 [780] 2 3 3 4 1 4 3 2 2 2 2 1 2 1 2 3 3 4 4 1 2 4 1 2 2 2 1 4 1 3 3 3 2 4 3 4 2 4 4 3 3
 [821] 3 3 3 3 3 3 2 4 1 2 4 3 1 3 2 3 2 3 3 1 4 3 3 4 2 2 4 1 1 2 3 2 2 1 1 4 2 1 2 2 3
 [862] 2 2 3 3 4 1 1 2 3 3 3 4 4 1 3 3 3 3 2 3 1 2 4 2 1 1 4 3 4 3 3 1 3 2 3 2 3 3 3 2 3
 [903] 1 4 2 1 2 4 1 4 3 4 1 1 4 3 2 1 1 3 3 4 4 3 1 3 2 4 1 3 3 1 4 3 4 1 4 1 2 1 4 2 4
 [944] 3 4 3 1 1 1 1 4 1 1 2 3 2 1 1 4 1 2 3 2 4 3 4 1 1 3 4 3 4 3 3 4 1 2 4 1 1 2 2 2 1
 [985] 4 4 2 2 2 1 4 3 4 1 2 2 3 3 3 1
 [ reached getOption("max.print") -- omitted 39552 entries ]
> Mean
[1] 2.499679
> Maximum
[1] 4
> Minimum
[1] 1
> Minmax
   [1] 1.0000000 0.3333333 0.6666667 1.0000000 0.0000000 0.3333333 0.3333333 1.0000000
   [9] 0.3333333 1.0000000 0.6666667 0.3333333 0.0000000 0.6666667 1.0000000 0.0000000
  [17] 0.0000000 0.3333333 0.6666667 0.3333333 1.0000000 1.0000000 0.0000000 1.0000000
  [25] 1.0000000 0.6666667 0.0000000 0.0000000 0.0000000 1.0000000 0.6666667 1.0000000
  [33] 0.6666667 0.3333333 0.0000000 1.0000000 1.0000000 0.3333333 0.3333333 1.0000000
  [41] 0.6666667 0.3333333 0.0000000 0.6666667 0.3333333 1.0000000 0.3333333 0.3333333
  [49] 0.6666667 0.3333333 0.6666667 0.6666667 0.3333333 1.0000000 1.0000000 0.6666667
  [57] 0.3333333 0.3333333 0.6666667 0.6666667 0.0000000 0.3333333 0.0000000 0.6666667
  [65] 1.0000000 0.3333333 0.6666667 0.3333333 0.3333333 1.0000000 0.0000000 0.0000000
  [73] 1.0000000 0.3333333 0.3333333 0.0000000 0.3333333 0.6666667 0.3333333 0.3333333
  [81] 0.0000000 0.0000000 0.0000000 0.0000000 0.0000000 1.0000000 0.6666667 0.6666667
  [89] 0.6666667 0.0000000 1.0000000 0.6666667 0.3333333 0.3333333 0.6666667 0.0000000
  [97] 0.6666667 0.6666667 0.6666667 0.0000000 0.0000000 0.0000000 0.6666667 1.0000000
 [105] 1.0000000 0.3333333 0.3333333 0.3333333 0.6666667 1.0000000 1.0000000 1.0000000
 [113] 1.0000000 0.6666667 0.0000000 0.3333333 0.0000000 0.6666667 0.6666667 0.3333333
 [121] 0.3333333 0.3333333 0.0000000 0.3333333 0.0000000 0.3333333 1.0000000 0.6666667
 [129] 0.6666667 0.3333333 0.0000000 0.3333333 0.3333333 0.0000000 0.6666667 0.3333333
 [137] 0.0000000 1.0000000 1.0000000 1.0000000 0.0000000 1.0000000 0.3333333 1.0000000
 [145] 0.3333333 0.0000000 0.3333333 0.3333333 0.6666667 1.0000000 0.6666667 1.0000000
 [153] 0.6666667 0.6666667 0.6666667 0.0000000 0.3333333 0.0000000 0.6666667 0.0000000
 [161] 0.3333333 0.3333333 0.0000000 0.3333333 1.0000000 0.6666667 0.6666667 0.6666667
 [169] 0.3333333 0.0000000 0.3333333 0.3333333 1.0000000 0.0000000 1.0000000 0.6666667
 [177] 1.0000000 0.3333333 1.0000000 1.0000000 1.0000000 0.3333333 0.0000000 0.6666667
 [185] 0.0000000 0.6666667 1.0000000 0.0000000 0.0000000 0.6666667 1.0000000 0.3333333
 [193] 0.0000000 0.0000000 0.6666667 0.6666667 0.3333333 0.3333333 0.0000000 1.0000000
 [201] 1.0000000 0.3333333 0.0000000 1.0000000 1.0000000 0.0000000 0.3333333 0.6666667
 [209] 0.0000000 1.0000000 1.0000000 0.3333333 0.3333333 0.3333333 0.0000000 0.6666667
 [217] 0.6666667 0.6666667 0.0000000 0.3333333 0.6666667 0.3333333 1.0000000 0.3333333
 [225] 0.6666667 0.6666667 1.0000000 0.3333333 0.6666667 0.3333333 0.3333333 1.0000000
 [233] 0.6666667 1.0000000 1.0000000 0.3333333 0.0000000 0.0000000 0.0000000 0.0000000
 [241] 0.3333333 0.3333333 0.0000000 0.3333333 0.6666667 1.0000000 1.0000000 0.3333333
 [249] 0.6666667 0.3333333 1.0000000 0.6666667 1.0000000 0.0000000 0.6666667 0.6666667
 [257] 1.0000000 1.0000000 1.0000000 1.0000000 0.0000000 0.0000000 0.3333333 0.6666667
 [265] 0.6666667 0.0000000 0.6666667 0.0000000 1.0000000 1.0000000 1.0000000 0.3333333
 [273] 0.3333333 0.3333333 0.6666667 0.3333333 0.0000000 0.6666667 0.0000000 1.0000000
 [281] 1.0000000 0.0000000 1.0000000 1.0000000 0.3333333 0.6666667 0.3333333 0.3333333
 [289] 1.0000000 0.6666667 1.0000000 0.3333333 1.0000000 0.3333333 1.0000000 0.0000000
 [297] 1.0000000 0.6666667 1.0000000 1.0000000 0.3333333 0.6666667 0.6666667 0.6666667
 [305] 0.0000000 0.6666667 0.0000000 0.6666667 0.3333333 1.0000000 0.0000000 0.6666667
 [313] 0.6666667 1.0000000 0.6666667 0.0000000 0.6666667 1.0000000 1.0000000 0.3333333
 [321] 0.0000000 0.6666667 0.0000000 1.0000000 0.6666667 0.6666667 0.0000000 1.0000000
 [329] 1.0000000 0.3333333 1.0000000 0.0000000 0.3333333 0.3333333 1.0000000 1.0000000
 [337] 0.0000000 0.0000000 0.3333333 1.0000000 0.6666667 0.3333333 0.3333333 0.0000000
 [345] 0.3333333 0.0000000 1.0000000 0.3333333 0.6666667 0.3333333 1.0000000 0.0000000
 [353] 0.3333333 0.0000000 0.6666667 1.0000000 1.0000000 1.0000000 0.6666667 0.6666667
 [361] 0.3333333 0.0000000 0.6666667 0.6666667 0.6666667 1.0000000 0.3333333 0.0000000
 [369] 0.6666667 0.3333333 1.0000000 0.0000000 0.0000000 1.0000000 0.3333333 0.6666667
 [377] 0.3333333 0.6666667 0.6666667 1.0000000 1.0000000 0.0000000 0.6666667 0.0000000
 [385] 0.3333333 0.0000000 0.0000000 0.6666667 0.0000000 0.0000000 1.0000000 1.0000000
 [393] 0.0000000 0.3333333 0.6666667 0.6666667 1.0000000 1.0000000 0.0000000 0.6666667
 [401] 1.0000000 0.0000000 0.0000000 1.0000000 0.0000000 0.6666667 0.6666667 0.0000000
 [409] 0.0000000 0.6666667 0.6666667 1.0000000 1.0000000 0.3333333 0.3333333 1.0000000
 [417] 0.3333333 0.0000000 0.3333333 0.3333333 1.0000000 0.3333333 0.6666667 1.0000000
 [425] 0.3333333 1.0000000 0.3333333 1.0000000 0.0000000 1.0000000 0.6666667 0.3333333
 [433] 1.0000000 0.3333333 0.0000000 0.3333333 0.3333333 1.0000000 0.3333333 0.6666667
 [441] 1.0000000 1.0000000 1.0000000 0.0000000 0.0000000 1.0000000 0.0000000 0.6666667
 [449] 0.0000000 1.0000000 1.0000000 1.0000000 0.6666667 0.0000000 1.0000000 0.6666667
 [457] 0.3333333 0.6666667 0.0000000 1.0000000 0.6666667 0.6666667 0.3333333 0.0000000
 [465] 0.6666667 0.0000000 0.3333333 1.0000000 0.3333333 1.0000000 0.6666667 1.0000000
 [473] 0.0000000 0.0000000 0.6666667 0.0000000 0.6666667 0.6666667 0.3333333 1.0000000
 [481] 0.3333333 0.6666667 0.3333333 0.0000000 0.6666667 0.3333333 1.0000000 0.0000000
 [489] 0.6666667 1.0000000 0.3333333 0.6666667 0.3333333 0.3333333 0.3333333 1.0000000
 [497] 0.6666667 0.0000000 1.0000000 0.3333333 1.0000000 0.3333333 0.3333333 0.6666667
 [505] 1.0000000 0.0000000 0.3333333 0.0000000 0.0000000 0.3333333 0.6666667 0.3333333
 [513] 0.3333333 0.6666667 0.6666667 0.6666667 0.6666667 0.3333333 0.3333333 0.6666667
 [521] 0.6666667 1.0000000 0.3333333 0.0000000 0.3333333 0.0000000 0.6666667 0.6666667
 [529] 1.0000000 1.0000000 0.0000000 0.6666667 0.0000000 0.3333333 0.6666667 0.3333333
 [537] 0.6666667 0.6666667 0.6666667 0.3333333 0.0000000 0.6666667 0.0000000 1.0000000
 [545] 0.6666667 0.6666667 1.0000000 1.0000000 0.3333333 0.0000000 0.3333333 0.3333333
 [553] 0.3333333 0.0000000 1.0000000 0.0000000 0.3333333 0.0000000 0.0000000 0.0000000
 [561] 1.0000000 0.0000000 0.0000000 0.3333333 0.0000000 0.0000000 1.0000000 0.0000000
 [569] 0.6666667 0.6666667 0.0000000 1.0000000 0.3333333 1.0000000 0.0000000 0.3333333
 [577] 1.0000000 0.6666667 0.3333333 0.0000000 0.0000000 0.0000000 0.0000000 0.0000000
 [585] 0.3333333 0.6666667 0.0000000 1.0000000 0.3333333 0.3333333 0.3333333 0.0000000
 [593] 0.3333333 0.3333333 0.6666667 0.3333333 0.6666667 1.0000000 0.0000000 1.0000000
 [601] 0.3333333 0.6666667 0.6666667 0.6666667 0.3333333 0.6666667 0.3333333 0.6666667
 [609] 0.6666667 1.0000000 0.3333333 0.0000000 0.0000000 0.3333333 0.3333333 0.3333333
 [617] 0.6666667 0.3333333 0.3333333 1.0000000 0.6666667 0.0000000 1.0000000 1.0000000
 [625] 0.6666667 1.0000000 0.3333333 0.3333333 0.0000000 0.6666667 0.6666667 1.0000000
 [633] 0.3333333 0.6666667 0.3333333 0.6666667 0.3333333 0.0000000 1.0000000 1.0000000
 [641] 1.0000000 1.0000000 1.0000000 0.6666667 0.6666667 0.6666667 0.0000000 0.6666667
 [649] 0.6666667 0.6666667 0.0000000 0.0000000 1.0000000 0.0000000 0.6666667 0.3333333
 [657] 0.0000000 0.3333333 1.0000000 0.6666667 0.6666667 0.0000000 0.3333333 1.0000000
 [665] 0.6666667 0.3333333 0.3333333 0.6666667 0.3333333 1.0000000 0.3333333 1.0000000
 [673] 1.0000000 0.0000000 0.6666667 0.3333333 0.6666667 0.3333333 1.0000000 0.6666667
 [681] 1.0000000 0.6666667 0.0000000 0.0000000 1.0000000 1.0000000 1.0000000 1.0000000
 [689] 0.3333333 0.0000000 1.0000000 0.6666667 0.6666667 0.0000000 0.6666667 0.6666667
 [697] 1.0000000 1.0000000 0.3333333 0.3333333 0.6666667 0.0000000 0.3333333 0.6666667
 [705] 0.0000000 0.6666667 0.6666667 0.0000000 1.0000000 0.6666667 0.0000000 0.0000000
 [713] 0.6666667 1.0000000 0.0000000 0.0000000 0.3333333 0.3333333 0.3333333 0.0000000
 [721] 0.0000000 1.0000000 0.3333333 0.0000000 1.0000000 1.0000000 0.0000000 0.0000000
 [729] 0.3333333 0.3333333 0.0000000 1.0000000 1.0000000 0.6666667 1.0000000 0.3333333
 [737] 0.6666667 0.6666667 1.0000000 1.0000000 1.0000000 0.0000000 0.0000000 0.3333333
 [745] 0.3333333 1.0000000 1.0000000 0.0000000 0.3333333 1.0000000 0.3333333 0.0000000
 [753] 0.0000000 0.6666667 0.6666667 1.0000000 0.3333333 1.0000000 0.0000000 0.6666667
 [761] 0.0000000 0.0000000 0.6666667 1.0000000 0.3333333 0.0000000 0.3333333 0.6666667
 [769] 0.0000000 0.6666667 1.0000000 1.0000000 0.3333333 0.3333333 0.6666667 0.3333333
 [777] 1.0000000 0.6666667 0.0000000 0.3333333 0.6666667 0.6666667 1.0000000 0.0000000
 [785] 1.0000000 0.6666667 0.3333333 0.3333333 0.3333333 0.3333333 0.0000000 0.3333333
 [793] 0.0000000 0.3333333 0.6666667 0.6666667 1.0000000 1.0000000 0.0000000 0.3333333
 [801] 1.0000000 0.0000000 0.3333333 0.3333333 0.3333333 0.0000000 1.0000000 0.0000000
 [809] 0.6666667 0.6666667 0.6666667 0.3333333 1.0000000 0.6666667 1.0000000 0.3333333
 [817] 1.0000000 1.0000000 0.6666667 0.6666667 0.6666667 0.6666667 0.6666667 0.6666667
 [825] 0.6666667 0.6666667 0.3333333 1.0000000 0.0000000 0.3333333 1.0000000 0.6666667
 [833] 0.0000000 0.6666667 0.3333333 0.6666667 0.3333333 0.6666667 0.6666667 0.0000000
 [841] 1.0000000 0.6666667 0.6666667 1.0000000 0.3333333 0.3333333 1.0000000 0.0000000
 [849] 0.0000000 0.3333333 0.6666667 0.3333333 0.3333333 0.0000000 0.0000000 1.0000000
 [857] 0.3333333 0.0000000 0.3333333 0.3333333 0.6666667 0.3333333 0.3333333 0.6666667
 [865] 0.6666667 1.0000000 0.0000000 0.0000000 0.3333333 0.6666667 0.6666667 0.6666667
 [873] 1.0000000 1.0000000 0.0000000 0.6666667 0.6666667 0.6666667 0.6666667 0.3333333
 [881] 0.6666667 0.0000000 0.3333333 1.0000000 0.3333333 0.0000000 0.0000000 1.0000000
 [889] 0.6666667 1.0000000 0.6666667 0.6666667 0.0000000 0.6666667 0.3333333 0.6666667
 [897] 0.3333333 0.6666667 0.6666667 0.6666667 0.3333333 0.6666667 0.0000000 1.0000000
 [905] 0.3333333 0.0000000 0.3333333 1.0000000 0.0000000 1.0000000 0.6666667 1.0000000
 [913] 0.0000000 0.0000000 1.0000000 0.6666667 0.3333333 0.0000000 0.0000000 0.6666667
 [921] 0.6666667 1.0000000 1.0000000 0.6666667 0.0000000 0.6666667 0.3333333 1.0000000
 [929] 0.0000000 0.6666667 0.6666667 0.0000000 1.0000000 0.6666667 1.0000000 0.0000000
 [937] 1.0000000 0.0000000 0.3333333 0.0000000 1.0000000 0.3333333 1.0000000 0.6666667
 [945] 1.0000000 0.6666667 0.0000000 0.0000000 0.0000000 0.0000000 1.0000000 0.0000000
 [953] 0.0000000 0.3333333 0.6666667 0.3333333 0.0000000 0.0000000 1.0000000 0.0000000
 [961] 0.3333333 0.6666667 0.3333333 1.0000000 0.6666667 1.0000000 0.0000000 0.0000000
 [969] 0.6666667 1.0000000 0.6666667 1.0000000 0.6666667 0.6666667 1.0000000 0.0000000
 [977] 0.3333333 1.0000000 0.0000000 0.0000000 0.3333333 0.3333333 0.3333333 0.0000000
 [985] 1.0000000 1.0000000 0.3333333 0.3333333 0.3333333 0.0000000 1.0000000 0.6666667
 [993] 1.0000000 0.0000000 0.3333333 0.3333333 0.6666667 0.6666667 0.6666667 0.0000000
 [ reached getOption("max.print") -- omitted 39552 entries ]
> std<-sd(a)
> Zscore<-(a-Mean)/std
> std
[1] 1.119326
> Zscore
   [1]  1.3403782 -0.4464109  0.4469837  1.3403782 -1.3398054 -0.4464109 -0.4464109
   [8]  1.3403782 -0.4464109  1.3403782  0.4469837 -0.4464109 -1.3398054  0.4469837
  [15]  1.3403782 -1.3398054 -1.3398054 -0.4464109  0.4469837 -0.4464109  1.3403782
  [22]  1.3403782 -1.3398054  1.3403782  1.3403782  0.4469837 -1.3398054 -1.3398054
  [29] -1.3398054  1.3403782  0.4469837  1.3403782  0.4469837 -0.4464109 -1.3398054
  [36]  1.3403782  1.3403782 -0.4464109 -0.4464109  1.3403782  0.4469837 -0.4464109
  [43] -1.3398054  0.4469837 -0.4464109  1.3403782 -0.4464109 -0.4464109  0.4469837
  [50] -0.4464109  0.4469837  0.4469837 -0.4464109  1.3403782  1.3403782  0.4469837
  [57] -0.4464109 -0.4464109  0.4469837  0.4469837 -1.3398054 -0.4464109 -1.3398054
  [64]  0.4469837  1.3403782 -0.4464109  0.4469837 -0.4464109 -0.4464109  1.3403782
  [71] -1.3398054 -1.3398054  1.3403782 -0.4464109 -0.4464109 -1.3398054 -0.4464109
  [78]  0.4469837 -0.4464109 -0.4464109 -1.3398054 -1.3398054 -1.3398054 -1.3398054
  [85] -1.3398054  1.3403782  0.4469837  0.4469837  0.4469837 -1.3398054  1.3403782
  [92]  0.4469837 -0.4464109 -0.4464109  0.4469837 -1.3398054  0.4469837  0.4469837
  [99]  0.4469837 -1.3398054 -1.3398054 -1.3398054  0.4469837  1.3403782  1.3403782
 [106] -0.4464109 -0.4464109 -0.4464109  0.4469837  1.3403782  1.3403782  1.3403782
 [113]  1.3403782  0.4469837 -1.3398054 -0.4464109 -1.3398054  0.4469837  0.4469837
 [120] -0.4464109 -0.4464109 -0.4464109 -1.3398054 -0.4464109 -1.3398054 -0.4464109
 [127]  1.3403782  0.4469837  0.4469837 -0.4464109 -1.3398054 -0.4464109 -0.4464109
 [134] -1.3398054  0.4469837 -0.4464109 -1.3398054  1.3403782  1.3403782  1.3403782
 [141] -1.3398054  1.3403782 -0.4464109  1.3403782 -0.4464109 -1.3398054 -0.4464109
 [148] -0.4464109  0.4469837  1.3403782  0.4469837  1.3403782  0.4469837  0.4469837
 [155]  0.4469837 -1.3398054 -0.4464109 -1.3398054  0.4469837 -1.3398054 -0.4464109
 [162] -0.4464109 -1.3398054 -0.4464109  1.3403782  0.4469837  0.4469837  0.4469837
 [169] -0.4464109 -1.3398054 -0.4464109 -0.4464109  1.3403782 -1.3398054  1.3403782
 [176]  0.4469837  1.3403782 -0.4464109  1.3403782  1.3403782  1.3403782 -0.4464109
 [183] -1.3398054  0.4469837 -1.3398054  0.4469837  1.3403782 -1.3398054 -1.3398054
 [190]  0.4469837  1.3403782 -0.4464109 -1.3398054 -1.3398054  0.4469837  0.4469837
 [197] -0.4464109 -0.4464109 -1.3398054  1.3403782  1.3403782 -0.4464109 -1.3398054
 [204]  1.3403782  1.3403782 -1.3398054 -0.4464109  0.4469837 -1.3398054  1.3403782
 [211]  1.3403782 -0.4464109 -0.4464109 -0.4464109 -1.3398054  0.4469837  0.4469837
 [218]  0.4469837 -1.3398054 -0.4464109  0.4469837 -0.4464109  1.3403782 -0.4464109
 [225]  0.4469837  0.4469837  1.3403782 -0.4464109  0.4469837 -0.4464109 -0.4464109
 [232]  1.3403782  0.4469837  1.3403782  1.3403782 -0.4464109 -1.3398054 -1.3398054
 [239] -1.3398054 -1.3398054 -0.4464109 -0.4464109 -1.3398054 -0.4464109  0.4469837
 [246]  1.3403782  1.3403782 -0.4464109  0.4469837 -0.4464109  1.3403782  0.4469837
 [253]  1.3403782 -1.3398054  0.4469837  0.4469837  1.3403782  1.3403782  1.3403782
 [260]  1.3403782 -1.3398054 -1.3398054 -0.4464109  0.4469837  0.4469837 -1.3398054
 [267]  0.4469837 -1.3398054  1.3403782  1.3403782  1.3403782 -0.4464109 -0.4464109
 [274] -0.4464109  0.4469837 -0.4464109 -1.3398054  0.4469837 -1.3398054  1.3403782
 [281]  1.3403782 -1.3398054  1.3403782  1.3403782 -0.4464109  0.4469837 -0.4464109
 [288] -0.4464109  1.3403782  0.4469837  1.3403782 -0.4464109  1.3403782 -0.4464109
 [295]  1.3403782 -1.3398054  1.3403782  0.4469837  1.3403782  1.3403782 -0.4464109
 [302]  0.4469837  0.4469837  0.4469837 -1.3398054  0.4469837 -1.3398054  0.4469837
 [309] -0.4464109  1.3403782 -1.3398054  0.4469837  0.4469837  1.3403782  0.4469837
 [316] -1.3398054  0.4469837  1.3403782  1.3403782 -0.4464109 -1.3398054  0.4469837
 [323] -1.3398054  1.3403782  0.4469837  0.4469837 -1.3398054  1.3403782  1.3403782
 [330] -0.4464109  1.3403782 -1.3398054 -0.4464109 -0.4464109  1.3403782  1.3403782
 [337] -1.3398054 -1.3398054 -0.4464109  1.3403782  0.4469837 -0.4464109 -0.4464109
 [344] -1.3398054 -0.4464109 -1.3398054  1.3403782 -0.4464109  0.4469837 -0.4464109
 [351]  1.3403782 -1.3398054 -0.4464109 -1.3398054  0.4469837  1.3403782  1.3403782
 [358]  1.3403782  0.4469837  0.4469837 -0.4464109 -1.3398054  0.4469837  0.4469837
 [365]  0.4469837  1.3403782 -0.4464109 -1.3398054  0.4469837 -0.4464109  1.3403782
 [372] -1.3398054 -1.3398054  1.3403782 -0.4464109  0.4469837 -0.4464109  0.4469837
 [379]  0.4469837  1.3403782  1.3403782 -1.3398054  0.4469837 -1.3398054 -0.4464109
 [386] -1.3398054 -1.3398054  0.4469837 -1.3398054 -1.3398054  1.3403782  1.3403782
 [393] -1.3398054 -0.4464109  0.4469837  0.4469837  1.3403782  1.3403782 -1.3398054
 [400]  0.4469837  1.3403782 -1.3398054 -1.3398054  1.3403782 -1.3398054  0.4469837
 [407]  0.4469837 -1.3398054 -1.3398054  0.4469837  0.4469837  1.3403782  1.3403782
 [414] -0.4464109 -0.4464109  1.3403782 -0.4464109 -1.3398054 -0.4464109 -0.4464109
 [421]  1.3403782 -0.4464109  0.4469837  1.3403782 -0.4464109  1.3403782 -0.4464109
 [428]  1.3403782 -1.3398054  1.3403782  0.4469837 -0.4464109  1.3403782 -0.4464109
 [435] -1.3398054 -0.4464109 -0.4464109  1.3403782 -0.4464109  0.4469837  1.3403782
 [442]  1.3403782  1.3403782 -1.3398054 -1.3398054  1.3403782 -1.3398054  0.4469837
 [449] -1.3398054  1.3403782  1.3403782  1.3403782  0.4469837 -1.3398054  1.3403782
 [456]  0.4469837 -0.4464109  0.4469837 -1.3398054  1.3403782  0.4469837  0.4469837
 [463] -0.4464109 -1.3398054  0.4469837 -1.3398054 -0.4464109  1.3403782 -0.4464109
 [470]  1.3403782  0.4469837  1.3403782 -1.3398054 -1.3398054  0.4469837 -1.3398054
 [477]  0.4469837  0.4469837 -0.4464109  1.3403782 -0.4464109  0.4469837 -0.4464109
 [484] -1.3398054  0.4469837 -0.4464109  1.3403782 -1.3398054  0.4469837  1.3403782
 [491] -0.4464109  0.4469837 -0.4464109 -0.4464109 -0.4464109  1.3403782  0.4469837
 [498] -1.3398054  1.3403782 -0.4464109  1.3403782 -0.4464109 -0.4464109  0.4469837
 [505]  1.3403782 -1.3398054 -0.4464109 -1.3398054 -1.3398054 -0.4464109  0.4469837
 [512] -0.4464109 -0.4464109  0.4469837  0.4469837  0.4469837  0.4469837 -0.4464109
 [519] -0.4464109  0.4469837  0.4469837  1.3403782 -0.4464109 -1.3398054 -0.4464109
 [526] -1.3398054  0.4469837  0.4469837  1.3403782  1.3403782 -1.3398054  0.4469837
 [533] -1.3398054 -0.4464109  0.4469837 -0.4464109  0.4469837  0.4469837  0.4469837
 [540] -0.4464109 -1.3398054  0.4469837 -1.3398054  1.3403782  0.4469837  0.4469837
 [547]  1.3403782  1.3403782 -0.4464109 -1.3398054 -0.4464109 -0.4464109 -0.4464109
 [554] -1.3398054  1.3403782 -1.3398054 -0.4464109 -1.3398054 -1.3398054 -1.3398054
 [561]  1.3403782 -1.3398054 -1.3398054 -0.4464109 -1.3398054 -1.3398054  1.3403782
 [568] -1.3398054  0.4469837  0.4469837 -1.3398054  1.3403782 -0.4464109  1.3403782
 [575] -1.3398054 -0.4464109  1.3403782  0.4469837 -0.4464109 -1.3398054 -1.3398054
 [582] -1.3398054 -1.3398054 -1.3398054 -0.4464109  0.4469837 -1.3398054  1.3403782
 [589] -0.4464109 -0.4464109 -0.4464109 -1.3398054 -0.4464109 -0.4464109  0.4469837
 [596] -0.4464109  0.4469837  1.3403782 -1.3398054  1.3403782 -0.4464109  0.4469837
 [603]  0.4469837  0.4469837 -0.4464109  0.4469837 -0.4464109  0.4469837  0.4469837
 [610]  1.3403782 -0.4464109 -1.3398054 -1.3398054 -0.4464109 -0.4464109 -0.4464109
 [617]  0.4469837 -0.4464109 -0.4464109  1.3403782  0.4469837 -1.3398054  1.3403782
 [624]  1.3403782  0.4469837  1.3403782 -0.4464109 -0.4464109 -1.3398054  0.4469837
 [631]  0.4469837  1.3403782 -0.4464109  0.4469837 -0.4464109  0.4469837 -0.4464109
 [638] -1.3398054  1.3403782  1.3403782  1.3403782  1.3403782  1.3403782  0.4469837
 [645]  0.4469837  0.4469837 -1.3398054  0.4469837  0.4469837  0.4469837 -1.3398054
 [652] -1.3398054  1.3403782 -1.3398054  0.4469837 -0.4464109 -1.3398054 -0.4464109
 [659]  1.3403782  0.4469837  0.4469837 -1.3398054 -0.4464109  1.3403782  0.4469837
 [666] -0.4464109 -0.4464109  0.4469837 -0.4464109  1.3403782 -0.4464109  1.3403782
 [673]  1.3403782 -1.3398054  0.4469837 -0.4464109  0.4469837 -0.4464109  1.3403782
 [680]  0.4469837  1.3403782  0.4469837 -1.3398054 -1.3398054  1.3403782  1.3403782
 [687]  1.3403782  1.3403782 -0.4464109 -1.3398054  1.3403782  0.4469837  0.4469837
 [694] -1.3398054  0.4469837  0.4469837  1.3403782  1.3403782 -0.4464109 -0.4464109
 [701]  0.4469837 -1.3398054 -0.4464109  0.4469837 -1.3398054  0.4469837  0.4469837
 [708] -1.3398054  1.3403782  0.4469837 -1.3398054 -1.3398054  0.4469837  1.3403782
 [715] -1.3398054 -1.3398054 -0.4464109 -0.4464109 -0.4464109 -1.3398054 -1.3398054
 [722]  1.3403782 -0.4464109 -1.3398054  1.3403782  1.3403782 -1.3398054 -1.3398054
 [729] -0.4464109 -0.4464109 -1.3398054  1.3403782  1.3403782  0.4469837  1.3403782
 [736] -0.4464109  0.4469837  0.4469837  1.3403782  1.3403782  1.3403782 -1.3398054
 [743] -1.3398054 -0.4464109 -0.4464109  1.3403782  1.3403782 -1.3398054 -0.4464109
 [750]  1.3403782 -0.4464109 -1.3398054 -1.3398054  0.4469837  0.4469837  1.3403782
 [757] -0.4464109  1.3403782 -1.3398054  0.4469837 -1.3398054 -1.3398054  0.4469837
 [764]  1.3403782 -0.4464109 -1.3398054 -0.4464109  0.4469837 -1.3398054  0.4469837
 [771]  1.3403782  1.3403782 -0.4464109 -0.4464109  0.4469837 -0.4464109  1.3403782
 [778]  0.4469837 -1.3398054 -0.4464109  0.4469837  0.4469837  1.3403782 -1.3398054
 [785]  1.3403782  0.4469837 -0.4464109 -0.4464109 -0.4464109 -0.4464109 -1.3398054
 [792] -0.4464109 -1.3398054 -0.4464109  0.4469837  0.4469837  1.3403782  1.3403782
 [799] -1.3398054 -0.4464109  1.3403782 -1.3398054 -0.4464109 -0.4464109 -0.4464109
 [806] -1.3398054  1.3403782 -1.3398054  0.4469837  0.4469837  0.4469837 -0.4464109
 [813]  1.3403782  0.4469837  1.3403782 -0.4464109  1.3403782  1.3403782  0.4469837
 [820]  0.4469837  0.4469837  0.4469837  0.4469837  0.4469837  0.4469837  0.4469837
 [827] -0.4464109  1.3403782 -1.3398054 -0.4464109  1.3403782  0.4469837 -1.3398054
 [834]  0.4469837 -0.4464109  0.4469837 -0.4464109  0.4469837  0.4469837 -1.3398054
 [841]  1.3403782  0.4469837  0.4469837  1.3403782 -0.4464109 -0.4464109  1.3403782
 [848] -1.3398054 -1.3398054 -0.4464109  0.4469837 -0.4464109 -0.4464109 -1.3398054
 [855] -1.3398054  1.3403782 -0.4464109 -1.3398054 -0.4464109 -0.4464109  0.4469837
 [862] -0.4464109 -0.4464109  0.4469837  0.4469837  1.3403782 -1.3398054 -1.3398054
 [869] -0.4464109  0.4469837  0.4469837  0.4469837  1.3403782  1.3403782 -1.3398054
 [876]  0.4469837  0.4469837  0.4469837  0.4469837 -0.4464109  0.4469837 -1.3398054
 [883] -0.4464109  1.3403782 -0.4464109 -1.3398054 -1.3398054  1.3403782  0.4469837
 [890]  1.3403782  0.4469837  0.4469837 -1.3398054  0.4469837 -0.4464109  0.4469837
 [897] -0.4464109  0.4469837  0.4469837  0.4469837 -0.4464109  0.4469837 -1.3398054
 [904]  1.3403782 -0.4464109 -1.3398054 -0.4464109  1.3403782 -1.3398054  1.3403782
 [911]  0.4469837  1.3403782 -1.3398054 -1.3398054  1.3403782  0.4469837 -0.4464109
 [918] -1.3398054 -1.3398054  0.4469837  0.4469837  1.3403782  1.3403782  0.4469837
 [925] -1.3398054  0.4469837 -0.4464109  1.3403782 -1.3398054  0.4469837  0.4469837
 [932] -1.3398054  1.3403782  0.4469837  1.3403782 -1.3398054  1.3403782 -1.3398054
 [939] -0.4464109 -1.3398054  1.3403782 -0.4464109  1.3403782  0.4469837  1.3403782
 [946]  0.4469837 -1.3398054 -1.3398054 -1.3398054 -1.3398054  1.3403782 -1.3398054
 [953] -1.3398054 -0.4464109  0.4469837 -0.4464109 -1.3398054 -1.3398054  1.3403782
 [960] -1.3398054 -0.4464109  0.4469837 -0.4464109  1.3403782  0.4469837  1.3403782
 [967] -1.3398054 -1.3398054  0.4469837  1.3403782  0.4469837  1.3403782  0.4469837
 [974]  0.4469837  1.3403782 -1.3398054 -0.4464109  1.3403782 -1.3398054 -1.3398054
 [981] -0.4464109 -0.4464109 -0.4464109 -1.3398054  1.3403782  1.3403782 -0.4464109
 [988] -0.4464109 -0.4464109 -1.3398054  1.3403782  0.4469837  1.3403782 -1.3398054
 [995] -0.4464109 -0.4464109  0.4469837  0.4469837  0.4469837 -1.3398054
 [ reached getOption("max.print") -- omitted 39552 entries ]
